117.62
117.59
117.59
117.59
115.38
112.22
109.17
105.48
102.33
99.138
95.264
91.134
89.675
89.161
88.261
87.923
86.492
84.818
83.769
82.757
79.262
74.792
70.473
65.498
61.349
57.26
52.458
47.468
44.921
43.249
41.273
39.835
37.413
34.793
32.771
30.807
29.128
27.661
26.246
24.983
23.884
22.932
22.131
21.479
18.893
15.569
12.486
8.9547
6.079
3.2978
0.026327
-3.34
-4.2541
-4.221
-4.3958
-3.9555
-4.3471
-4.8265
-4.6349
-4.2871
-4.2202
-4.1285
-3.8577
-3.5287
-2.7823
-1.812
-0.79815
0.38332
2.7828
5.7837
8.906
12.491
15.951
19.588
23.71
28.108
27.219
24.261
21.821
18.072
16.01
14.109
10.783
7.1053
7.4836
9.2719
10.509
12.603
12.951
12.901
13.807
14.748
16.53
18.788
21.054
23.635
26.334
29.231
32.45
35.91
38.013
39.686
41.67
43.442
45.868
48.506
50.898
53.353
53.408
52.446
51.651
50.197
49.311
48.375
46.733
44.827
44.078
43.623
42.84
42.177
40.773
39.075
37.531
35.836
33.816
31.602
29.247
26.707
24.152
21.488
18.632
15.642
14.257
13.471
12.475
11.841
10.634
9.3306
8.4244
7.5815
13.905
23.349
32.552
43.875
53.639
63.707
76.034
89.3
93.027
93.374
95.122
94.872
98.5
102.99
105.26
107.39
107.92
107.46
106.92
105.71
104.09
101.99
99.207
95.866
96.686
98.943
100.44
102.72
103.26
103.35
104.32
105.27
104.96
104.19
103.46
102.4
101.9
101.48
100.7
99.863
101.24
103.5
105.6
108.28
110.27
112.2
114.77
117.51
115.95
112.7
109.82
105.86
103.29
100.85
97.225
93.302
90.906
88.896
86.503
84.288
81.068
77.462
74.083
70.512
69.97
70.652
71.007
72.116
72.381
72.604
73.643
74.921
76.433
78.244
80.299
82.621
85.356
88.419
91.743
95.376
93.746
90.049
86.901
82.46
79.665
77.022
72.974
68.574
67.225
66.859
65.987
65.683
63.884
61.663
60.09
58.437
57.451
56.782
56.005
55.401
54.755
54.161
53.747
53.43
52.265
50.805
49.482
47.99
46.847
45.789
44.542
43.29
41.663
39.856
38.058
36.141
34.253
32.322
30.265
28.139
27.237
26.81
26.256
26
25.344
24.643
24.267
23.966
22.783
21.294
19.923
18.366
17.192
16.105
14.81
13.509
8.5136
1.9217
-4.5198
-12.037
-18.727
-25.554
-33.529
-41.969
-41.379
-37.287
-34.075
-28.64
-26.177
-24.031
-19.463
-14.326
-14.234
-15.765
-16.471
-18.122
-17.285
-15.744
-15.281
-14.684
-16.115
-18.46
-20.587
-23.264
-25.648
-28.142
-31.216
-34.558
-34.143
-32.316
-30.932
-28.677
-27.761
-27.053
-25.389
-23.558
-25.92
-29.888
-33.494
-38.143
-41.329
-44.342
-48.495
-52.897
-52.941
-51.368
-50.25
-48.107
-47.598
-47.352
-45.978
-44.42
-45.472
-47.429
-49.074
-51.287
-52.353
-53.165
-54.612
-56.088
-52.623
-47.137
-41.899
-35.297
-30.111
-24.916
-18.249
-11.1
-10.882
-13.232
-14.773
-17.907
-18.464
-18.585
-20.461
-22.605
-16.546
-7.3084
1.2829
11.958
19.861
27.492
37.394
47.842
48.433
45.327
43.228
38.781
37.923
37.598
34.696
31.327
34.271
39.409
43.771
49.499
52.481
54.852
58.75
62.721
58.156
50.156
42.61
32.745
25.479
18.279
8.5687
-1.9029
-3.8641
-2.8268
-2.9648
-1.2966
-3.1658
-5.8184
-6.458
-6.9827
-7.6262
-8.0532
-8.3403
-8.4789
-7.8736
-6.8674
-5.7385
-4.2907
-8.3837
-14.672
-20.39
-27.481
-32.891
-38.169
-44.937
-52.098
-50.564
-45.674
-41.577
-35.325
-32
-28.995
-23.639
-17.741
-19.91
-25.008
-29.179
-35.184
-38.014
-40.254
-44.522
-49.039
-48.791
-46.848
-45.385
-42.827
-42.271
-42.104
-40.722
-39.217
-39.981
-41.525
-42.833
-44.648
-45.43
-45.985
-47.106
-48.252
-50.498
-53.285
-56.055
-59.187
-62.247
-65.443
-69.018
-72.81
-73.793
-73.723
-74.002
-73.638
-74.274
-75.072
-75.164
-75.137
-73.779
-71.723
-69.596
-66.972
-64.346
-61.478
-58.095
-54.378
-47.865
-39.951
-31.809
-22.617
-13.635
-4.2255
6.281
17.432
19.667
18.525
18.445
16.289
17.234
18.638
17.768
16.475
16.817
17.416
17.487
17.627
16.287
14.293
12.43
10.159
12.374
16.32
19.653
24.01
26.936
29.668
33.518
37.602
34.223
27.898
22.144
14.463
9.1475
3.9963
-3.2479
-11.055
-7.78
-0.27458
6.1534
15.279
20.555
25.344
33.082
41.44
42.076
40.03
38.981
36.282
36.926
38.326
37.881
37.359
37.27
37.133
36.884
36.611
35.603
34.26
32.923
31.353
34.009
38.354
42.276
47.258
50.997
54.66
59.469
64.599
66.146
66.441
67.23
67.264
68.813
70.707
71.756
72.768
70.56
66.875
63.284
58.699
54.605
50.265
44.876
38.977
38.997
41.187
42.585
45.29
45.763
45.815
47.309
48.984
54.215
61.196
68.222
76.463
84.447
92.895
102.61
113.06
113.14
109.27
106.62
101.55
100.06
99.084
95.454
91.315
89.952
89.251
87.882
86.834
83.832
80.078
76.735
73.007
67.54
61.196
54.533
47.138
39.927
32.418
24.142
15.418
10.055
5.8317
0.99461
-3.2138
-8.889
-14.959
-20.319
-25.718
-29.268
-31.974
-34.794
-37.071
-39.619
-42.039
-43.888
-45.461
-50.393
-56.564
-62.302
-68.791
-74.036
-79.056
-84.906
-90.872
-92.195
-91.685
-91.503
-90.108
-90.199
-90.388
-89.262
-87.779
-86.303
-84.524
-82.365
-79.903
-76.707
-73.018
-69.043
-64.637
-65.586
-68.581
-70.898
-74.451
-76.215
-77.725
-80.587
-83.716
-84.82
-85.33
-86.215
-86.766
-88.468
-90.542
-92.225
-94.038
-97.379
-101.39
-105.47
-110.04
-114.26
-118.56
-123.39
-128.46
-131.22
-133.15
-135.43
-137.23
-139.96
-142.91
-145.32
-147.69
-148.71
-149.07
-149.46
-149.41
-149.49
-149.44
-148.92
-148.15
-150.19
-153.26
-155.95
-159.26
-161.51
-163.56
-166.29
-169.11
-168.03
-165.4
-163.04
-159.64
-157.48
-155.39
-152.19
-148.67
-150.5
-154.34
-157.61
-162.16
-164.78
-167.12
-170.85
-174.83
-173.49
-170.13
-167.29
-163.15
-160.97
-159.07
-155.76
-152.19
-147.99
-143.25
-138.26
-132.84
-126.9
-120.5
-113.69
-106.43
-105.11
-106.07
-106.3
-107.93
-107.56
-106.93
-107.81
-109
-105.53
-100.39
-95.777
-90.112
-86.324
-82.897
-78.304
-73.583
-75.006
-78.86
-82.308
-87.372
-90.473
-93.455
-98.191
-103.41
-99.116
-91.186
-84.18
-74.857
-68.823
-63.201
-55.044
-46.351
-41.082
-36.75
-31.694
-27.133
-20.471
-13.071
-6.2662
0.85322
10.096
20.327
30.788
42.034
52.882
63.953
75.857
88.177
92.338
93.312
95.076
94.817
97.18
99.794
100.21
100.08
104.82
111.13
116.66
123.12
127.22
130.66
135.16
139.55
137.46
132.67
128.05
121.56
116.86
112.05
105.23
97.695
92.085
86.745
80.565
74.358
66.401
57.599
48.838
39.513
36.582
36.112
34.782
34.918
32.984
30.765
30.144
29.851
25.816
20.512
15.72
10.155
6.2886
2.8362
-1.4853
-5.8027
-6.0988
-4.774
-3.6252
-1.3658
-0.33984
0.66312
2.8674
5.4416
1.9751
-3.7612
-8.8447
-15.354
-19.688
-23.695
-29.266
-35.12
-40.782
-46.661
-52.853
-59.259
-66.448
-74.105
-81.952
-90.182
-93.367
-94.606
-96.459
-97.128
-99.438
-101.96
-103.18
-104.13
-108.16
-113.23
-117.88
-123.15
-127.02
-130.55
-134.8
-139.03
-137.8
-134.32
-131.07
-126.29
-123.04
-119.75
-114.81
-109.3
-105.54
-102.07
-97.935
-93.841
-88.3
-82.091
-75.982
-69.448
-55.694
-38.678
-21.536
-2.048
16.058
34.689
55.81
78.089
77.595
68.217
61.04
48.226
42.776
38.051
27.189
14.836
